ShiftTypes: [1 2 3 4]
ShiftGroups: [1 2 3]
ShiftTypesGroup: [(1) [1] (2) [2] (3) [3]]
ShiftTypesWorking: [1 2 3]
ShiftTypesOff: [4]
FollowingShiftsIllegal: [(3) [1]]
FollowingShiftsPenalty: [(2) [1] (3) [2]]
StrictDayOff1: [(2) [1] (3) [1 2]]
StrictDayOff2: [(3) [1]]
PatternsRewarded: [1]
PatternsPenalized: [2]
PatternsIllegal: [3]
Weeks: [1 2 3 4]
Days: [1 2 3 4 5 6 7 8 9 10 11 12 13 14 15 16 17 18 19 20 21 22 23 24 25 26 27 28]
DaysInWeek: [(1) [1 2 3 4 5 6 7] (2) [8 9 10 11 12 13 14] (3) [15 16 17 18 19 20 21] (4) [22 23 24 25 26 27 28]]
Weekdays: [FRI MON SAT SUN THU TUE WED]
WeekendDaysInWeek: [(1) [6 7] (2) [13 14] (3) [20 21] (4) [27 28]]
DaysOnWeekday: [(FRI) [5 12 19 26] (MON) [1 8 15 22] (SAT) [6 13 20 27] (SUN) [7 14 21 28]
 (THU) [4 11 18 25] (TUE) [2 9 16 23] (WED) [3 10 17 24]]
DaysOnWeekdayInWeek: [(FRI 1) [5] (FRI 2) [12] (FRI 3) [19] (FRI 4) [26] (MON 1) [1] (MON 2) [8]
 (MON 3) [15] (MON 4) [22] (SAT 1) [6] (SAT 2) [13] (SAT 3) [20] (SAT 4) [27]
 (SUN 1) [7] (SUN 2) [14] (SUN 3) [21] (SUN 4) [28] (THU 1) [4] (THU 2) [11]
 (THU 3) [18] (THU 4) [25] (TUE 1) [2] (TUE 2) [9] (TUE 3) [16] (TUE 4) [23]
 (WED 1) [3] (WED 2) [10] (WED 3) [17] (WED 4) [24]]
NormPeriodStartDays: [1 8 15 22]
WeekdaysStartPattern: [(1) [FRI MON SAT SUN THU TUE WED] (2) [FRI MON SAT SUN THU TUE WED] (3) [FRI MON SAT SUN THU TUE WED]]
T_S: [(1) 7 (2) 15 (3) 23]
T_E: [(1) 15 (2) 23 (3) 31]
T: [(1) 8 (2) 8 (3) 8]
T_R: 8
T_RS: 11
H: 24
C: [(1 1) -728.723 (1 2) -221.616 (1 3) -409.367 (1 4) 431.498 (2 1) -344.502 (2
 2) 243.734 (2 3) 356.066 (2 4) -41.5737 (3 1) -682.042 (3 2) -615.828 (3 3) 286.035
 (3 4) 42.8459 (4 1) 421.569 (4 2) 9.42907 (4 3) -19.5064 (4 4) -923.061 (5
 1) -618.654 (5 2) -388.104 (5 3) 800.5 (5 4) -233.766 (6 1) 91.9141 (6 2) -600.915
 (6 3) 312.018 (6 4) -869.044 (7 1) 317.45 (7 2) 691.562 (7 3) -910.85 (7 4) 365.819
 (8 1) 67.3677 (8 2) 896.465 (8 3) -119.771 (8 4) 917.669 (9 1) -580.06 (9
 2) 886.687 (9 3) 859.337 (9 4) -983.771 (10 1) 280.838 (10 2) 544.108 (10
 3) 508.34 (10 4) 543.338 (11 1) -120.964 (11 2) 932.639 (11 3) 786.169 (11
 4) 939.919 (12 1) -972.34 (12 2) 184.22 (12 3) 406.105 (12 4) 155.873 (13
 1) 567.037 (13 2) -120.277 (13 3) -186.691 (13 4) -743.643 (14 1) 110.317
 (14 2) -944.641 (14 3) 293.007 (14 4) 191.5 (15 1) -134.665 (15 2) 78.83 (15
 3) -606.475 (15 4) 873.016 (16 1) -863.677 (16 2) 829.063 (16 3) 836.136 (16
 4) 559.691 (17 1) 961.612 (17 2) 734.354 (17 3) 249.364 (17 4) -113.677 (18
 1) 525.619 (18 2) -195.077 (18 3) -789.499 (18 4) -696.239 (19 1) 895.662
 (19 2) 276.134 (19 3) 894.858 (19 4) -262.934 (20 1) -228.343 (20 2) -286.676
 (20 3) 228.16 (20 4) 903.859 (21 1) -692.436 (21 2) -482.077 (21 3) 183.914
 (21 4) 317.662 (22 1) 816.151 (22 2) 733.611 (22 3) 605.159 (22 4) 937.617
 (23 1) -652.311 (23 2) 114.334 (23 3) -595.294 (23 4) 886.942 (24 1) 795.8
 (24 2) 982.491 (24 3) 622.123 (24 4) -391.943 (25 1) 94.7784 (25 2) 798.891
 (25 3) -289.572 (25 4) -743.324 (26 1) -989.551 (26 2) 978.931 (26 3) -843.04
 (26 4) 941.308 (27 1) 647.436 (27 2) -656.162 (27 3) 24.7991 (27 4) -247.838
 (28 1) 693.119 (28 2) -964.502 (28 3) 277.185 (28 4) 872.928]
C_R: 500
C_minus: 500
C_plus: 250
Nmax: 6
NmaxGroup: [(1) 6 (2) 6 (3) 4]
Nmin: 3
NminGroup: [(1) 1 (2) 1 (3) 2]
W_W: 4
Nmin_W: 2
D_S: 28
Nmin_S: 8
D_R: 28
Nmax_R: 14
H_S1: 35
H_S2: 55
N_N: 7
W_N: 1
H_W: 37.5
WMax_plus: 12
WMax_minus: 16
P: [(2) 500]
R: [(1) 500]
D: [(1) 4 (2) 5 (3) 6]
M: [(1 1 1) 1 (1 1 2) 0 (1 1 3) 0 (1 2 1) 0 (1 2 2) 0 (1 2 3) 0 (1 3 1) 0 (1 3
 2) 1 (1 3 3) 1 (2 1 1) 1 (2 1 2) 0 (2 1 3) 0 (2 2 1) 0 (2 2 2) 1 (2 2 3) 1
 (2 3 1) 0 (2 3 2) 0 (2 3 3) 0 (3 1 1) 1 (3 1 2) 1 (3 1 3) 1 (3 2 1) 0 (3 2
 2) 0 (3 2 3) 0 (3 3 1) 0 (3 3 2) 0 (3 3 3) 0 (4 1 1) 1 (4 1 2) 0 (4 1 3) 0
 (4 2 1) 0 (4 2 2) 1 (4 2 3) 0 (4 3 1) 0 (4 3 2) 0 (4 3 3) 1 (5 1 2) 0 (5 1
 3) 0 (5 2 2) 0 (5 2 3) 1 (5 3 2) 1 (5 3 3) 0 (6 1 3) 1 (6 2 3) 0 (6 3 3) 0]
